# Inter UI advances; source pinned in docs/THIRD_PARTY_ASSETS.md
# cell=16x19 baseline=15 font_size=15
20 4
21 4
22 7
23 10
24 9
25 15
26 10
27 5
28 6
29 6
2A 8
2B 10
2C 4
2D 7
2E 4
2F 5
30 9
31 5
32 8
33 9
34 9
35 9
36 9
37 9
38 9
39 9
3A 4
3B 4
3C 10
3D 11
3E 10
3F 8
40 14
41 10
42 10
43 11
44 11
45 9
46 9
47 11
48 11
49 4
4A 8
4B 10
4C 9
4D 14
4E 11
4F 11
50 10
51 11
52 10
53 9
54 10
55 11
56 10
57 15
58 10
59 10
5A 10
5B 6
5C 5
5D 6
5E 7
5F 7
60 5
61 8
62 9
63 9
64 9
65 9
66 6
67 9
68 8
69 3
6A 3
6B 8
6C 3
6D 13
6E 8
6F 9
70 9
71 9
72 5
73 8
74 5
75 8
76 8
77 12
78 8
79 8
7A 8
7B 6
7C 5
7D 6
7E 10
